-6683923149107239423
1190872643587036169
-3498436195783123990
778792058253137945
-5159932357229272601
14404440171927042582
-1089252231989932495
10212893458247926305
-1535000721871766225
9978699870043342393
-1542437694597407288
9470714718404718140
-9622579914557745235
6467239599679294040
-2776216600307804259
4467209795876208228
-1320170423286932079
14074718748442424934
-4457652008470932080
2942574038914135159
-1608612068186224498
12116032049303127676
-2417007795463639169
619834238874819718
-1062381621596343951
9512233832470600335
-5955622541553847956
10684271449734328489
-5042742211105043129
6772762444558895305
-1828526982120295444
18276121522531754703
-1661254975263373486
12347306643202080980
-6432906297599600349
11787406443385605340
-1485112169065045577
17137624024884016865
-8584325832230699241
5252423477715230957
-1290577433631538251
8031397663700408568
-1147158447635614693
8305991896716409085
-4281625407849561346
14133756893353237253
-1744571083099453159
10906735364770441484
-1084961384209281460
10539567817610112785
-1256389225664193870
9683017341876969754
-1344273607400794652
2185507507058818850
-1339695469495093943
13177818043578017074
-8614393225990081851
2917894113757314877
-1562455566984201708
13667070989773718332
-6504332305731839808
1488530335582149442
-1150578743011313491
15801910746063531845
-5625157917902951251
8064564058864548191
-6725382036397127011
13647243248654795622
-5007045469465081715
450855004792091002
-2391239241248535420
17285816691149953913
-1737768438243521266
9862034441185747333
-1248556461629818253
7362371884469474195
-1582096859928814222
10281960878615478164
-1510967839127163637
5895945076432118709
-6357802991544983992
16901969534400954812
-1665251841621558675
10845922937786951626
-5749207330458697165
11845147602563320270
-1241216885334150343
14873743981702462416
-1180488902832010952
5756183780588046295
-1114672097099202522
7037674499639772124
-7040013525404075493
14385187261726529513
-8979302546469210099
11696839562151421938
-9630711707787599861
6198038755747767800
-5939891367357342715
-4421547130244425726
